              T              E       Evar/T^2              M         Mvar/T      MvarAbs/T            |M|     Num_config
      2.0000000     -1.7453829     0.72417826    -0.91086780     0.42830926     0.42673528     0.91087212        3964731
      2.0010000     -1.7451619     0.72434262    -0.91118697     0.37829606     0.37829606     0.91118697        7935763
      2.0020000     -1.7441425     0.73120625    -0.91056214     0.39548981     0.39548981     0.91056214       11911481
      2.0030000     -1.7434120     0.73423359    -0.91020694     0.39584215     0.39584215     0.91020694       15905722
      2.0040000     -1.7434102     0.72120725    -0.91055472     0.37578327     0.37578327     0.91055472       19890934
      2.0050000     -1.7415488     0.73821164    -0.90934949     0.40246210     0.40246210     0.90934949       23914914
      2.0060000     -1.7411835     0.73799380    -0.90924748     0.41017731     0.41017731     0.90924748       27929559
      2.0070000     -1.7403587     0.73848543    -0.90886833     0.41023888     0.41023888     0.90886833       31995015
      2.0080000     -1.7397188     0.73853579    -0.90862562     0.40822719     0.40822719     0.90862562       36055591
      2.0090000     -1.7394747     0.73803998    -0.90862396     0.40019664     0.40019664     0.90862396       40123310
      2.0100000     -1.7382561     0.74163047    -0.90795552     0.42418308     0.42418308     0.90795552       44195630
      2.0110000     -1.7374819     0.74540005    -0.90772993     0.40379555     0.40379555     0.90772993       48287329
      2.0120000     -1.7373020     0.74224319    -0.90767991     0.40770762     0.40770762     0.90767991       52389141
      2.0130000     -1.7357312     0.75577229    -0.90664808     0.43781372     0.43781372     0.90664808       56510619
      2.0140000     -1.7359179     0.74289948    -0.90708442     0.41151702     0.41151702     0.90708442       60630550
      2.0150000     -1.7343761     0.75283253    -0.90630956     0.41746905     0.41746905     0.90630956       64768339
      2.0160000     -1.7340497     0.74755386    -0.90619515     0.41395321     0.41395321     0.90619515       68941049
      2.0170000     -1.7329838     0.75973743    -0.90537247     0.44598693     0.44598693     0.90537247       73100965
      2.0180000     -1.7319732     0.76502241    -0.90498547     0.43566835     0.43566835     0.90498547       77279149
      2.0190000     -1.7316460     0.75610237    -0.90525415     0.41422600     0.41422600     0.90525415       81470777
      2.0200000     -1.7309981     0.76797388    -0.81623255      30.543723     0.47746135     0.90447233       85664539
      2.0210000     -1.7300719     0.76589311    -0.90408569     0.46132437     0.46132437     0.90408569       89888835
      2.0220000     -1.7293323     0.76634392    -0.90377145     0.45197417     0.45197417     0.90377145       94126199
      2.0230000     -1.7286719     0.77098563    -0.90331759     0.47159465     0.47159465     0.90331759       98368143
      2.0240000     -1.7276326     0.77431388    -0.53153646      105.79236     0.46863556     0.90303324      102645316
      2.0250000     -1.7271642     0.76811359    -0.90275999     0.45411490     0.45411490     0.90275999      106922050
      2.0260000     -1.7259800     0.76898472    -0.90235432     0.45154458     0.45154458     0.90235432      111218659
      2.0270000     -1.7253008     0.77659889    -0.90192073     0.46334517     0.46334517     0.90192073      115538138
      2.0280000     -1.7245667     0.77495110    -0.90169163     0.46097766     0.46097766     0.90169163      119851143
      2.0290000     -1.7237790     0.78052946    -0.90122829     0.47341152     0.47341152     0.90122829      124169565
      2.0300000     -1.7229975     0.78224127    -0.90085857     0.47025293     0.47025293     0.90085857      128499679
      2.0310000     -1.7220893     0.78420686    -0.90024494     0.48936701     0.48936701     0.90024494      132855426
      2.0320000     -1.7212831     0.78961397    -0.89990671     0.49306938     0.49306938     0.89990671      137231258
      2.0330000     -1.7201564     0.79592207    -0.89930751     0.49104506     0.49104506     0.89930751      141625483
      2.0340000     -1.7206594     0.78589706    -0.89998198     0.47330617     0.47330617     0.89998198      145991961
      2.0350000     -1.7190764     0.79415563    -0.89873795     0.51483789     0.51483789     0.89873795      150404607
      2.0360000     -1.7176974     0.80101367    -0.89793111     0.53106641     0.53106641     0.89793111      154846651
      2.0370000     -1.7176533     0.80847101    -0.52567577      104.64621     0.52695560     0.89808815      159286253
      2.0380000     -1.7167033     0.80865078    -0.53418288      102.59727     0.60130156     0.89722952      163747759
      2.0390000     -1.7151413     0.81191945    -0.89642773     0.58772191     0.58759529     0.89642809      168197755
      2.0400000     -1.7144511     0.81152109    -0.89639822     0.53847658     0.53847658     0.89639822      172710519
      2.0410000     -1.7142810     0.80446899    -0.89700403     0.49273762     0.49273762     0.89700403      177208911
      2.0420000     -1.7129149     0.81117036    -0.89554733     0.57902523     0.57868139     0.89554831      181709725
      2.0430000     -1.7121660     0.81741324    -0.89565875     0.52893073     0.52893073     0.89565875      186255216
      2.0440000     -1.7116254     0.82544498    -0.85672271      13.697544     0.57849037     0.89499283      190811924
      2.0450000     -1.7098806     0.82626595    -0.80778858      29.292801     0.58692141     0.89402528      195371875
      2.0460000     -1.7104338     0.81668724    -0.89481320     0.53207189     0.53207189     0.89481320      199944211
      2.0470000     -1.7094931     0.81777956    -0.89429964     0.54816797     0.54813302     0.89429974      204511679
      2.0480000     -1.7088370     0.82238101    -0.89383832     0.56577619     0.56577619     0.89383832      209113360
      2.0490000     -1.7075022     0.83018463    -0.37094847      129.39844     0.62847631     0.89287565      213736247
      2.0500000     -1.7060635     0.83454592    -0.89241915     0.56213828     0.56213828     0.89241915      218395978
      2.0510000     -1.7059911     0.83547252    -0.89226714     0.57899395     0.57899395     0.89226714      223030351
      2.0520000     -1.7052424     0.82737473    -0.89221276     0.55253111     0.55253111     0.89221276      227687327
      2.0530000     -1.7037478     0.84874934    -0.89104898     0.60236410     0.60236410     0.89104898      232391650
      2.0540000     -1.7038842     0.83662543    -0.89144027     0.58664523     0.58600638     0.89144211      237087312
      2.0550000     -1.7027688     0.84649117    -0.89084621     0.63660675     0.62099335     0.89089123      241781973
      2.0560000     -1.7019153     0.84654946    -0.89041052     0.59487861     0.59487861     0.89041052      246483382
      2.0570000     -1.7002953     0.85871091    -0.73677066      48.791397     0.71602861     0.88885240      251211579
      2.0580000     -1.6997265     0.84265911    -0.88925029     0.59826245     0.59826245     0.88925029      255958308
      2.0590000     -1.6993478     0.84718361    -0.72883739      50.955986     0.64119345     0.88893157      260722597
      2.0600000     -1.6979910     0.85542827    -0.66922338      66.799397     0.70950098     0.88781918      265485436
      2.0610000     -1.6986193     0.84431923    -0.88900307     0.59638092     0.59231589     0.88901485      270261024
      2.0620000     -1.6968126     0.86322121    -0.48890170      107.11390     0.64597071     0.88761876      275067192
      2.0630000     -1.6957098     0.86714855    -0.77955030      35.338161     0.73357089     0.88666332      279889807
      2.0640000     -1.6949526     0.85430966    -0.88660299     0.65336974     0.65336974     0.88660299      284745907
      2.0650000     -1.6943513     0.85756503    -0.88663629     0.62699157     0.62699157     0.88663629      289568869
      2.0660000     -1.6930174     0.86605480    -0.88573706     0.65336493     0.65336493     0.88573706      294442747
      2.0670000     -1.6919885     0.87855470    -0.76531521      38.942304     0.68267631     0.88510677      299308727
      2.0680000     -1.6920829     0.87222268    -0.88543846     0.67472852     0.67434489     0.88543958      304184601
      2.0690000     -1.6901912     0.87922803    -0.72637228      49.742864     0.72262260     0.88384042      309116251
      2.0700000     -1.6895441     0.87346449    -0.88424987     0.64673006     0.64673006     0.88424987      314068299
      2.0710000     -1.6881595     0.88543248    -0.20194104      143.46307     0.72911651     0.88305448      319005328
      2.0720000     -1.6868802     0.89430364    -0.59783025      81.961721     0.83292142     0.88184363      324027112
      2.0730000     -1.6866254     0.88452506    -0.88216255     0.71491561     0.71477943     0.88216295      329020773
      2.0740000     -1.6865230     0.88499015    -0.82572459      19.432423     0.69415179     0.88259789      334021634
      2.0750000     -1.6847931     0.90047407    -0.88093217     0.76086076     0.76086076     0.88093217      339046291
      2.0760000     -1.6847162     0.89308488    -0.51850741      98.619788     0.77477313     0.88128631      344095167
      2.0770000     -1.6823043     0.90615872    -0.51733873      98.228058     0.78052775     0.87956561      349130393
      2.0780000     -1.6820615     0.90839568    -0.28937775      133.54619     0.86516635     0.87921409      354179750
      2.0790000     -1.6813785     0.90248779    -0.87953285     0.74622700     0.74622700     0.87953285      359263955
      2.0800000     -1.6813092     0.89715566    -0.87988229     0.71237311     0.71237311     0.87988229      364315142
      2.0810000     -1.6789723     0.90952756    -0.49063000      102.70965     0.75670629     0.87813892      369436990
      2.0820000     -1.6792231     0.91813701    -0.87833070     0.78127991     0.78079392     0.87833214      374524472
      2.0830000     -1.6770966     0.92870160    -0.54676811      91.020640     0.90114215     0.87650023      379679404
      2.0840000     -1.6765554     0.92045394    -0.80493727      23.973272     0.82088963     0.87666865      384851167
      2.0850000     -1.6768082     0.91533165    -0.87736274     0.76120212     0.76015854     0.87736584      389998405
      2.0860000     -1.6762813     0.91669435    -0.51623319      97.194849     0.76753950     0.87713461      395175279
      2.0870000     -1.6744073     0.91877303    -0.59023073      81.069841     0.79120678     0.87591443      400365497
      2.0880000     -1.6732182     0.92820213    -0.53130433      93.386616     0.86912819     0.87477173      405565912
      2.0890000     -1.6722506     0.93638974    -0.70744111      51.436185     0.87890255     0.87436167      410796984
      2.0900000     -1.6710528     0.93505621    -0.87377027     0.85387692     0.85387692     0.87377027      416020020
      2.0910000     -1.6690003     0.96160298    -0.56571406      85.059039     0.99064156     0.87149294      421318089
      2.0920000     -1.6692271     0.94517912    -0.45842828      106.26524     0.93398273     0.87237548      426630749
      2.0930000     -1.6679717     0.93773185    -0.87237566     0.82327148     0.82327148     0.87237566      431955432
      2.0940000     -1.6677383     0.94386546    -0.85823583      5.3965510     0.85244681     0.87198459      437301570
      2.0950000     -1.6671954     0.94331908    -0.67881788      58.050757     0.85506907     0.87198402      442597951
      2.0960000     -1.6652755     0.95823558    -0.61507158      73.238755     0.93393024     0.87016684      447942624
      2.0970000     -1.6665463     0.93014213    -0.63813451      68.230482     0.81631107     0.87214359      453316598
      2.0980000     -1.6635284     0.95210929    -0.86970218     0.88869531     0.88829735     0.86970338      458706904
      2.0990000     -1.6626616     0.96476882    -0.86890454     0.94878641     0.94167281     0.86892602      464111814
      2.1000000     -1.6623016     0.96256606    -0.86902981     0.94179695     0.93869160     0.86903919      469554159
      2.1010000     -1.6614431     0.96099913    -0.69298709      53.105373     0.94054097     0.86846237      474993655
      2.1020000     -1.6598154     0.96860401    -0.65303728      63.011432     0.99288180     0.86738986      480451286
      2.1030000     -1.6594808     0.96957533    -0.67282230      57.909158     0.97048358     0.86720524      485914457
      2.1040000     -1.6576100     0.97103050   -0.049038280      143.21546     0.98214120     0.86634406      491435097
      2.1050000     -1.6561206     0.99885407    -0.22974268      132.94989      1.2355855     0.86367138      496945781
      2.1060000     -1.6566041     0.97657851    -0.59974585      74.956135      1.0133217     0.86545017      502477871
      2.1070000     -1.6542544     0.99436633    -0.16864447      137.23959      1.0525404     0.86360073      508001774
      2.1080000     -1.6545605     0.98114735    -0.49031378      97.210513      1.0037243     0.86453304      513564529
      2.1090000     -1.6539828     0.98353506    -0.72008871      44.317774     0.99914064     0.86424837      519138985
      2.1100000     -1.6529483     0.98891781    -0.85301787      4.5023073      1.0072403     0.86375689      524743479
      2.1110000     -1.6504709      1.0012078    -0.16819995      136.36244      1.1060416     0.86145625      530341830
      2.1120000     -1.6504054     0.99704281    -0.86181781      1.0497108      1.0483593     0.86182195      535957338
      2.1130000     -1.6488617      1.0141166    -0.25497107      128.97370      1.1487859     0.86037511      541631139
      2.1140000     -1.6478560     0.99668534    -0.69458766      49.865124      1.0311137     0.86054620      547287384
      2.1150000     -1.6477658      1.0105364   -0.025036150      140.96962      1.1343709     0.86023583      552936150
      2.1160000     -1.6477580     0.99547461    -0.40824323      109.70861      1.0052333     0.86122203      558637741
      2.1170000     -1.6444955      1.0157969    -0.64669166      61.228744      1.1793650     0.85791692      564348737
      2.1180000     -1.6441016      1.0242196    -0.45455496      101.13544      1.1877092     0.85781318      570067150
      2.1190000     -1.6423355      1.0366444    -0.14145135      135.88992      1.2914312     0.85617989      575848130
      2.1200000     -1.6421550      1.0363466    -0.81741465      13.553291      1.2595857     0.85634301      581655415
      2.1210000     -1.6418793      1.0155877    -0.46890722      98.273557      1.1172396     0.85734786      587445576
      2.1220000     -1.6407101      1.0240471    -0.52861694      86.687394      1.1949205     0.85613868      593207268
      2.1230000     -1.6390305      1.0366863     0.11994917      136.21707      1.2153840     0.85493231      599011018
      2.1240000     -1.6369643      1.0529950    -0.30060629      121.27500      1.4216109     0.85251723      604869391
      2.1250000     -1.6369637      1.0244012    -0.49883327      91.659867      1.1791494     0.85411559      610713248
      2.1260000     -1.6350414      1.0453272    -0.37781994      111.14492      1.2504748     0.85254730      616593067
      2.1270000     -1.6343175      1.0591832    -0.42397031      103.88039      1.4061366     0.85126827      622536690
      2.1280000     -1.6346275      1.0351719    -0.10021877      135.94428      1.2698504     0.85235659      628418135
      2.1290000     -1.6327163      1.0570501    -0.33536485      116.14130      1.3804312     0.85046123      634414566
      2.1300000     -1.6317310      1.0605773    -0.56405709      77.362970      1.3226177     0.85033833      640379221
      2.1310000     -1.6296484      1.0792217    -0.23447023      126.23231      1.4494143     0.84838503      646392595
      2.1320000     -1.6294779      1.0667766    -0.72324810      38.443617      1.3463118     0.84900910      652395028
      2.1330000     -1.6292681      1.0529034   -0.079603120      135.40148      1.2945159     0.84938922      658394142
      2.1340000     -1.6278653      1.0726670     0.15136740      131.86453      1.3517945     0.84805514      664376479
      2.1350000     -1.6263477      1.0757020    -0.39339314      106.73352      1.4470323     0.84659600      670468430
      2.1360000     -1.6256914      1.0599563    -0.62082604      63.553986      1.3048724     0.84725158      676531061
      2.1370000     -1.6236219      1.1016718    0.014524850      135.04332      1.5208768     0.84472163      682649318
      2.1380000     -1.6236557      1.0875025    -0.51011173      86.386447      1.4981977     0.84495069      688747445
      2.1390000     -1.6212411      1.1101097    -0.31425058      115.98557      1.5896450     0.84290310      694911147
      2.1400000     -1.6208025      1.0965044    -0.21893584      125.43120      1.5493776     0.84303064      701068906
      2.1410000     -1.6206478      1.0900875    -0.39589603      105.09806      1.4238078     0.84359357      707247389
      2.1420000     -1.6178315      1.1190708    -0.10919951      131.47765      1.5794129     0.84114777      713460563
      2.1430000     -1.6165408      1.1144167    -0.26529331      120.18975      1.6079737     0.84004905      719679180
      2.1440000     -1.6166982      1.1150898   -0.015029130      133.23973      1.6055490     0.84011017      725953866
      2.1450000     -1.6160045      1.1056373     0.24028595      122.53211      1.4747033     0.84077801      732225242
      2.1460000     -1.6153007      1.1048087    -0.35322033      109.87619      1.4991484     0.84036149      738500080
      2.1470000     -1.6123877      1.1230482    -0.45620771      93.548756      1.6166544     0.83759837      744870202
      2.1480000     -1.6128035      1.1087979    -0.43678779      96.905458      1.5551033     0.83834061      751168593
      2.1490000     -1.6107945      1.1384308    0.047366810      131.42788      1.7317033     0.83608393      757503756
      2.1500000     -1.6081207      1.1396214    -0.37147873      105.51480      1.7240179     0.83418937      763857371
      2.1510000     -1.6078508      1.1522231    -0.19727811      123.87220      1.7876730     0.83392337      770269133
      2.1520000     -1.6061551      1.1600184    -0.33783048      109.55787      1.8092603     0.83295676      776725375
      2.1530000     -1.6063992      1.1387137    -0.19120971      124.05648      1.7268308     0.83366691      783161106
      2.1540000     -1.6040658      1.1611147    -0.39073851      101.80222      1.9691391     0.83082955      789634157
      2.1550000     -1.6029509      1.1641986   -0.094383190      128.23105      1.9325532     0.83026583      796133850
      2.1560000     -1.6034601      1.1480296    -0.44078062      94.133138      1.7514784     0.83200042      802640777
      2.1570000     -1.6018809      1.1330551    -0.26709963      116.70939      1.6237528     0.83183021      809130420
      2.1580000     -1.6007979      1.1618169    -0.27031750      115.91075      1.9011556     0.82955008      815675224
      2.1590000     -1.5993604      1.1629978    -0.12643661      126.13920      1.8358162     0.82880259      822230015
      2.1600000     -1.5978398      1.1825658    -0.23637554      118.28681      2.0017557     0.82692968      828791725
      2.1610000     -1.5978986      1.1761618   -0.058443530      128.10772      1.9402587     0.82766863      835405047
      2.1620000     -1.5966946      1.1815667    -0.27164647      114.87811      1.9323192     0.82720239      841996096
      2.1630000     -1.5949446      1.1755899    0.024678480      127.98886      1.9272667     0.82600670      848627601
      2.1640000     -1.5944357      1.1674247   -0.059872690      127.36513      1.8978842     0.82605237      855266064
      2.1650000     -1.5923000      1.1911629    -0.40689336      96.783436      1.9351534     0.82397120      861940832
      2.1660000     -1.5912240      1.1901847    -0.41599820      95.191602      1.9100408     0.82351330      868642757
      2.1670000     -1.5891950      1.2203752   0.0075524400      126.51427      2.1405063     0.82088484      875398756
      2.1680000     -1.5881559      1.2089319    -0.37171631      100.81739      2.1467541     0.82034617      882149200
      2.1690000     -1.5876524      1.2202863    -0.24376508      115.24327      2.1943623     0.82001776      888891960
      2.1700000     -1.5868619      1.2072467    -0.10536326      124.03221      2.0888690     0.82014878      895684222
      2.1710000     -1.5860722      1.1920255    -0.30816662      108.67477      1.8858981     0.82131800      902489172
      2.1720000     -1.5850652      1.2091837    0.046359640      125.18492      2.1932230     0.81853168      909257514
      2.1730000     -1.5835097      1.2186231    -0.39682603      96.286764      2.1730647     0.81776743      916081253
      2.1740000     -1.5812011      1.2153040     0.20795029      116.77194      2.1238304     0.81630619      922976577
      2.1750000     -1.5796024      1.2453408    -0.14766683      120.19778      2.3422690     0.81403001      929899700
      2.1760000     -1.5803520      1.2160312    0.026687590      124.45092      2.1811164     0.81600243      936768200
      2.1770000     -1.5778249      1.2420242   -0.051779460      123.14707      2.3890085     0.81234650      943703675
      2.1780000     -1.5762746      1.2518923     0.19846386      116.08686      2.3958348     0.81144040      950694154
      2.1790000     -1.5751588      1.2596891    -0.10857814      120.93059      2.3587735     0.81099270      957717505
      2.1800000     -1.5722475      1.2756039    -0.18537106      115.92194      2.5916646     0.80747286      964709636
      2.1810000     -1.5720735      1.2665324     0.29906989      105.97150      2.5313540     0.80836267      971765307
      2.1820000     -1.5731983      1.2484803    -0.38456813      95.585551      2.3313631     0.81030503      978751233
      2.1830000     -1.5708070      1.2540228    -0.21513247      113.67863      2.3723701     0.80853935      985781940
      2.1840000     -1.5689491      1.2902890    -0.13009548      118.39373      2.6155750     0.80565102      992912389
      2.1850000     -1.5668181      1.2971205   -0.090338200      119.38471      2.6831130     0.80351944      999994469
      2.1860000     -1.5660508      1.2896506   -0.067369710      120.06370      2.5845111     0.80409107     1007196683
      2.1870000     -1.5661781      1.2646895    0.073470430      120.09113      2.3851984     0.80557747     1014379154
      2.1880000     -1.5647809      1.2702021  -0.0037974900      120.57454      2.5188693     0.80360373     1021550480
      2.1890000     -1.5632866      1.2860960    0.038082300      120.00885      2.5784798     0.80255090     1028749560
      2.1900000     -1.5621272      1.2920998   -0.081342600      118.85277      2.6309192     0.80182994     1035995341
      2.1910000     -1.5598677      1.3172025    -0.10322868      117.25026      2.8674408     0.79824060     1043311693
      2.1920000     -1.5604941      1.2829320   -0.093502230      118.04526      2.5780982     0.80093865     1050571359
      2.1930000     -1.5583876      1.2952285    -0.22741454      109.64137      2.6532202     0.79892420     1057897313
      2.1940000     -1.5571534      1.2948105    -0.17393888      113.26900      2.7268535     0.79785864     1065216358
      2.1950000     -1.5529843      1.3460235     0.15786578      112.94972      3.0633680     0.79241590     1072643103
      2.1960000     -1.5519461      1.3420273     0.11790450      114.70013      3.0643072     0.79169572     1080027899
      2.1970000     -1.5518193      1.3250947     0.23257237      107.50665      2.9327286     0.79275605     1087490931
      2.1980000     -1.5503447      1.3486122     0.11248785      114.59365      3.1087463     0.79073577     1095029440
      2.1990000     -1.5504177      1.3195949   -0.067675650      116.29712      2.8218567     0.79272333     1102514085
      2.2000000     -1.5496878      1.3294124    -0.18316313      110.81887      2.9144246     0.79184795     1109989185
      2.2010000     -1.5452474      1.3596980    -0.11526837      113.14825      3.2274734     0.78620981     1117609943
      2.2020000     -1.5450682      1.3667922    -0.17254608      110.08684      3.2897667     0.78593258     1125187637
      2.2030000     -1.5433986      1.3807636   0.0025096100      114.98941      3.4073399     0.78392891     1132797677
      2.2040000     -1.5420574      1.3748982   -0.044553580      114.50976      3.3341266     0.78394054     1140356144
      2.2050000     -1.5414887      1.3660493    0.026220960      114.77875      3.2278560     0.78460934     1148020541
      2.2060000     -1.5412966      1.3487350   -0.040865760      114.51249      3.0700138     0.78503202     1155642539
      2.2070000     -1.5375540      1.3901708   -0.060294080      113.00150      3.4353205     0.77985048     1163355612
      2.2080000     -1.5367116      1.3643663    -0.24425017      102.83096      3.1651055     0.78090567     1171045891
      2.2090000     -1.5378612      1.3654168   -0.047263760      113.71191      3.1332709     0.78288212     1178698987
      2.2100000     -1.5360363      1.3641201   -0.092442940      112.01690      3.2266967     0.78077626     1186402050
      2.2110000     -1.5317777      1.4102220    0.067322150      111.46660      3.6625429     0.77486723     1194180182
      2.2120000     -1.5309103      1.4034056   -0.012067310      111.95178      3.6779082     0.77388639     1201928151
      2.2130000     -1.5311756      1.3809451    -0.19485323      105.45056      3.3584094     0.77639721     1209722124
      2.2140000     -1.5276839      1.4197306   -0.023721360      111.32126      3.5237206     0.77280146     1217629164
      2.2150000     -1.5264442      1.4116827    -0.18207426      105.00413      3.6754557     0.77088170     1225558558
      2.2160000     -1.5274380      1.3975809     0.24046062      100.95842      3.4111019     0.77345552     1233468660
      2.2170000     -1.5263971      1.3882915   -0.088535580      109.77754      3.5160906     0.77252354     1241373422
      2.2180000     -1.5242067      1.3969498   -0.094701440      108.99965      3.6044681     0.77031464     1249282918
      2.2190000     -1.5220026      1.4220991    0.026100800      109.83751      3.6787582     0.76785216     1257268664
      2.2200000     -1.5186891      1.4528991    -0.18667047      102.64029      4.0287533     0.76298091     1265363843
      2.2210000     -1.5171747      1.4623295  0.00020750000      108.49044      4.1579524     0.76112166     1273424704
      2.2220000     -1.5186923      1.4319946   -0.070726380      108.38359      3.7617375     0.76562172     1281399800
      2.2230000     -1.5175399      1.4137042     0.17628672      103.53208      3.7030349     0.76542598     1289428270
      2.2240000     -1.5156556      1.4287935    -0.21706581      100.02911      3.7719093     0.76309081     1297523356
      2.2250000     -1.5120277      1.4633230   -0.069870410      106.47610      4.1010620     0.75785421     1305594144
      2.2260000     -1.5099186      1.4864258    0.045217160      106.36154      4.3692811     0.75473936     1313758299
      2.2270000     -1.5118001      1.4404028    -0.10168720      105.69946      3.9761014     0.75939784     1321940311
      2.2280000     -1.5070107      1.4731471     0.13776337      102.83640      4.1941708     0.75393365     1330195434
      2.2290000     -1.5068122      1.4684063    -0.15765402      101.72089      4.2103422     0.75381184     1338463353
      2.2300000     -1.5057295      1.4679657   -0.095899600      104.29345      4.2132861     0.75308940     1346766839
      2.2310000     -1.5033183      1.4799832    0.086677190      103.97145      4.3657119     0.75037585     1355125520
      2.2320000     -1.5053014      1.4460216     0.10955364      103.90675      4.0139245     0.75458862     1363379395
      2.2330000     -1.5029282      1.4771482   -0.036482740      104.99343      4.3637052     0.75039752     1371695834
      2.2340000     -1.5027614      1.4743886    0.049433200      104.97654      4.2101840     0.75181364     1380034526
      2.2350000     -1.4988688      1.4847800  -0.0093008400      104.21715      4.4928743     0.74652254     1388492841
      2.2360000     -1.4974749      1.4941601    0.031510530      103.61826      4.4921025     0.74505579     1396876579
      2.2370000     -1.4943087      1.5111493   -0.010139750      102.94283      4.7220256     0.74121703     1405321379
      2.2380000     -1.4947088      1.5035351  -0.0049695200      103.02582      4.6638686     0.74186240     1413777871
      2.2390000     -1.4926774      1.5242121    0.020430480      102.58332      4.6733799     0.74058646     1422268866
      2.2400000     -1.4920125      1.5058707    -0.11350072      100.32931      4.5301935     0.74118654     1430826657
      2.2410000     -1.4884526      1.5345205   -0.089224320      100.08909      4.9548797     0.73549330     1439327137
      2.2420000     -1.4861661      1.5514766   -0.012528880      100.82067      5.1336995     0.73244962     1447952259
      2.2430000     -1.4878933      1.5005439    -0.15782754      97.262938      4.4906522     0.73832928     1456533400
      2.2440000     -1.4848703      1.5254153    0.059071220      100.11879      4.8752458     0.73335236     1465154473
      2.2450000     -1.4810396      1.5498389    -0.15404068      95.487341      5.0440325     0.72893182     1473869274
      2.2460000     -1.4784771      1.5562816    0.020051600      98.912371      5.2164168     0.72560654     1482629421
      2.2470000     -1.4782029      1.5412141    0.045220970      98.512968      5.1591577     0.72557561     1491410570
      2.2480000     -1.4804161      1.5394243    -0.10119024      97.842463      5.0434655     0.72922550     1500165137
      2.2490000     -1.4762665      1.5522412    -0.13920110      95.162534      5.1558491     0.72487208     1508912909
      2.2500000     -1.4750933      1.5434681    -0.25302642      86.975950      5.0536708     0.72445510     1517857323
      2.2510000     -1.4748200      1.5523813   -0.049632670      97.969881      5.1618340     0.72438987     1526673224
      2.2520000     -1.4754823      1.5386035   -0.045808150      98.293382      5.0108640     0.72613977     1535521405
      2.2530000     -1.4720272      1.5390343   -0.033012010      97.524914      5.0539526     0.72244895     1544416816
      2.2540000     -1.4675812      1.5859948  -0.0047316800      96.158522      5.6789815     0.71405504     1553455189
      2.2550000     -1.4693999      1.5630186     0.10449117      95.071406      5.3847875     0.71869793     1562354331
      2.2560000     -1.4676261      1.5646201   -0.024866970      96.493679      5.3975561     0.71721719     1571321162
      2.2570000     -1.4637718      1.5853528   -0.038264270      95.061770      5.6761943     0.71121183     1580392383
      2.2580000     -1.4647192      1.5699095   -0.034265040      95.381124      5.5026602     0.71311852     1589483380
      2.2590000     -1.4638153      1.5501266   -0.049375710      95.406662      5.2742136     0.71516499     1598582003
      2.2600000     -1.4633998      1.5524129   -0.052075900      95.189000      5.3109147     0.71450898     1607601138
      2.2610000     -1.4572564      1.5916549   -0.097828030      91.978137      5.8543410     0.70454601     1616828194
      2.2620000     -1.4583795      1.5885882   0.0066439900      94.133717      5.6872302     0.70725457     1626080699
      2.2630000     -1.4558495      1.6052730    0.028745450      93.343439      5.9369697     0.70379571     1635212755
      2.2640000     -1.4531446      1.6117249    0.035292790      92.527425      6.0201860     0.70062583     1644443416
      2.2650000     -1.4506297      1.6346037   -0.069355600      91.208479      6.3367969     0.69670374     1653797901
      2.2660000     -1.4491102      1.6131385     0.13480712      88.671515      6.1281113     0.69698016     1663195326
      2.2670000     -1.4508606      1.5938452   -0.025909290      92.207705      5.9065640     0.69984499     1672408118
      2.2680000     -1.4467245      1.6154911    0.034755950      90.946562      6.2077688     0.69402949     1681776193
      2.2690000     -1.4449023      1.6310367    0.078926230      89.624420      6.2469860     0.69223395     1691252654
      2.2700000     -1.4420667      1.6307410   -0.022066290      89.831747      6.2940928     0.68888541     1700585912
      2.2710000     -1.4426004      1.6028878   -0.030926450      90.022722      6.1848295     0.69061283     1709974656
      2.2720000     -1.4400452      1.6346076   -0.084844260      88.324164      6.3198915     0.68773746     1719528312
      2.2730000     -1.4398471      1.6016660   -0.023669300      89.759703      6.0776654     0.68998798     1728997508
      2.2740000     -1.4362932      1.6381259   -0.019305570      88.635376      6.4736364     0.68371207     1738518272
      2.2750000     -1.4348265      1.6294725   -0.017124570      88.139379      6.4057565     0.68202143     1748177314
      2.2760000     -1.4321413      1.6401078    0.029565780      87.099148      6.7113239     0.67696444     1757792463
      2.2770000     -1.4311568      1.6469092     0.10928210      84.981063      6.7953069     0.67602884     1767500468
      2.2780000     -1.4318690      1.6289806   -0.046579180      87.461257      6.4639963     0.68077090     1777211905
      2.2790000     -1.4279194      1.6550650   -0.044255060      86.080984      6.8915866     0.67315682     1786925950
      2.2800000     -1.4256165      1.6499892    0.051275590      85.517879      6.8057115     0.67178013     1796733798
      2.2810000     -1.4241695      1.6512787    0.017910200      85.604582      6.7293085     0.67090016     1806550671
      2.2820000     -1.4243131      1.6496050   -0.011810660      85.880578      6.7394710     0.67204130     1816386543
      2.2830000     -1.4227518      1.6459073   -0.017765910      85.250757      6.7823041     0.66945823     1826168588
      2.2840000     -1.4181066      1.6724906    0.012492990      83.989020      7.1031804     0.66270221     1836097628
      2.2850000     -1.4204036      1.6433307    -0.10808161      82.823514      6.7546160     0.66800091     1846068427
      2.2860000     -1.4158913      1.6500178    0.028554050      83.403157      6.8978557     0.66184827     1855905638
      2.2870000     -1.4179370      1.6397811   -0.080926820      82.999390      6.9820392     0.66421258     1865948712
      2.2880000     -1.4137571      1.6519666    0.021244230      83.062978      6.9938052     0.65997499     1875988061
      2.2890000     -1.4127583      1.6522240   -0.015618490      82.902558      6.9124342     0.65961915     1886040985
      2.2900000     -1.4117655      1.6415643    0.012096290      82.970536      6.7779997     0.66056687     1896088827
      2.2910000     -1.4074602      1.6762177    0.015390140      81.513838      7.3072121     0.65211602     1906288566
      2.2920000     -1.4091583      1.6549657    0.021296820      82.184041      7.0140526     0.65664114     1916372375
      2.2930000     -1.4052391      1.6702241    0.017532740      80.881537      7.3889580     0.64931010     1926615487
      2.2940000     -1.4022327      1.6601932   -0.030951280      79.857595      7.5043981     0.64490586     1936827047
      2.2950000     -1.4032374      1.6628104    0.046710600      80.148228      7.3325192     0.64804476     1947019196
      2.2960000     -1.4038925      1.6310905   0.0098990500      80.886527      7.0111285     0.65126245     1957249138
      2.2970000     -1.3968947      1.6881786  -0.0021163000      78.727482      7.6976015     0.63866546     1967562280
      2.2980000     -1.3985427      1.6672587   -0.058545580      79.205908      7.3553437     0.64514268     1977882886
      2.2990000     -1.3975781      1.6370126    0.069292610      78.879994      7.0580657     0.64621823     1988263369
      2.3000000     -1.3952407      1.6620900   -0.011645410      78.663532      7.4511171     0.64000547     1998620841
      2.3010000     -1.3921455      1.6635761   -0.052506130      77.401848      7.4437681     0.63654595     2009006236
      2.3020000     -1.3898058      1.6694719   -0.015124500      77.300792      7.7064391     0.63304364     2019450395
      2.3030000     -1.3914037      1.6674462    0.054068760      77.487954      7.5307879     0.63694726     2029846932
      2.3040000     -1.3904058      1.6690024   -0.010448100      77.692275      7.5626015     0.63565406     2040223186
      2.3050000     -1.3885257      1.6589742   -0.022837810      77.155668      7.6144105     0.63344539     2050740640
      2.3060000     -1.3874237      1.6611025  -0.0047544800      76.828285      7.5845807     0.63183270     2061151026
      2.3070000     -1.3831940      1.6703464    0.027911780      75.638479      7.8795990     0.62576226     2071651132
      2.3080000     -1.3783587      1.6757296  -0.0027825500      74.269046      8.1588419     0.61762741     2082350753
      2.3090000     -1.3816918      1.6702019  -0.0075434300      75.659252      7.7421993     0.62618535     2093018472
      2.3100000     -1.3795019      1.6793180   0.0015636700      74.993862      7.8493887     0.62270521     2103744472
      2.3110000     -1.3751312      1.6636592    0.014422500      73.645075      7.9940236     0.61604136     2114511177
      2.3120000     -1.3760029      1.6523033   -0.057600460      73.527996      7.8911051     0.61862674     2125318302
      2.3130000     -1.3715877      1.6828496   -0.068897570      71.974389      8.2591357     0.61088487     2136057227
      2.3140000     -1.3680689      1.6876036   -0.065725420      71.032317      8.3726106     0.60564530     2146935387
      2.3150000     -1.3696471      1.6740782   0.0071795700      72.529903      8.0734422     0.61081365    -2137196475
      2.3160000     -1.3671027      1.6640390    0.012411910      71.847566      8.0921748     0.60769875    -2126290390
      2.3170000     -1.3636959      1.6714359    0.036742200      70.666433      8.3262065     0.60204298    -2115354636
      2.3180000     -1.3663743      1.6552597    0.016117430      71.944957      8.0342946     0.60878737    -2104459091
      2.3190000     -1.3642494      1.6527930   -0.012606250      71.399452      8.0760362     0.60603335    -2093595740
      2.3200000     -1.3626802      1.6668955  -0.0089733000      71.014461      8.1652852     0.60382592    -2082554495
      2.3210000     -1.3619041      1.6458684   -0.012789700      71.030408      7.8859672     0.60544132    -2071567219
      2.3220000     -1.3577890      1.6600049   0.0082551500      69.883380      8.2479456     0.59821555    -2060355547
      2.3230000     -1.3556117      1.6609562    0.013499140      69.137734      8.4014111     0.59406096    -2049215178
      2.3240000     -1.3550350      1.6484790   0.0052614400      69.196028      8.2604784     0.59503212    -2038074166
      2.3250000     -1.3543813      1.6519595    0.020770950      69.013811      8.2700971     0.59456225    -2026860264
      2.3260000     -1.3498582      1.6447538    0.024539670      67.707536      8.2957794     0.58828697    -2015539435
      2.3270000     -1.3471080      1.6557784    0.053471060      66.444005      8.6393042     0.58235556    -2004167589
      2.3280000     -1.3475368      1.6496647    0.028926860      67.149883      8.4919659     0.58500072    -1992860597
      2.3290000     -1.3456544      1.6380288  -0.0039066900      66.858864      8.4504312     0.58317953    -1981570247
      2.3300000     -1.3417706      1.6636871   -0.047686930      65.370595      8.7129496     0.57645887    -1970134598
      2.3310000     -1.3411558      1.6539633   0.0015137700      65.639129      8.8019417     0.57551803    -1958697877
      2.3320000     -1.3391448      1.6512528   -0.024089540      65.211724      8.7616390     0.57418142    -1947205700
      2.3330000     -1.3403991      1.6494407    0.048249850      65.390765      8.5133318     0.57798415    -1935691979
      2.3340000     -1.3419345      1.6460544   -0.023901810      66.337062      8.3298671     0.58227423    -1924346445
      2.3350000     -1.3379135      1.6468480   0.0060720100      65.105855      8.6611374     0.57404957    -1912901502
      2.3360000     -1.3387218      1.6328234   0.0043295000      65.631564      8.5784194     0.57724268    -1901486230
      2.3370000     -1.3333156      1.6331281   -0.071707020      63.165196      8.7555901     0.56835730    -1889871203
      2.3380000     -1.3323028      1.6166993    0.014947110      64.055894      8.4492076     0.57030211    -1878263268
      2.3390000     -1.3305956      1.6434825    0.020539040      63.181786      8.8525574     0.56401420    -1866676034
      2.3400000     -1.3284826      1.6286865  -0.0089311400      62.874193      8.6770681     0.56314558    -1854971571
      2.3410000     -1.3266512      1.6259193   -0.027164180      62.407211      8.7786643     0.56089122    -1843344388
      2.3420000     -1.3238359      1.6195456   0.0093607400      61.598331      8.8673002     0.55572278    -1831584804
      2.3430000     -1.3244885      1.6067597    0.066110790      61.362338      8.7390055     0.55911699    -1819899814
      2.3440000     -1.3211300      1.6214382  -0.0046791200      61.249226      8.8121527     0.55434930    -1808141269
      2.3450000     -1.3216561      1.6164560   -0.010345620      61.471931      8.8961885     0.55527680    -1796367248
      2.3460000     -1.3178497      1.6141748    0.022219220      60.424421      8.8571095     0.55039620    -1784487094
      2.3470000     -1.3184786      1.5961576  -0.0023722300      60.547498      8.6487546     0.55183467    -1772619674
      2.3480000     -1.3155009      1.6208470   0.0037954000      60.125850      8.8493139     0.54864166    -1760689219
      2.3490000     -1.3125790      1.6152627    0.025929850      59.128147      8.8624431     0.54392803    -1748706909
      2.3500000     -1.3134927      1.6042505   -0.019082880      59.681072      8.9050751     0.54650996    -1736811215
      2.3510000     -1.3112158      1.5964159   -0.027431420      58.799038      8.9609925     0.54191844    -1724822078
      2.3520000     -1.3116392      1.6139715  -0.0061946800      59.499634      8.8819069     0.54559198    -1712830335
      2.3530000     -1.3091806      1.5948386   -0.031079590      58.668790      8.7074804     0.54301321    -1700910720
      2.3540000     -1.3048279      1.5893370  -0.0098380200      57.439201      9.0087754     0.53395678    -1688844516
      2.3550000     -1.3054150      1.5941903   -0.019063630      57.743005      8.9180886     0.53648869    -1676688773
      2.3560000     -1.3011486      1.5902328    0.013062270      56.535715      9.1204604     0.52862697    -1664461257
      2.3570000     -1.3008395      1.5946106   -0.010162420      56.864054      8.9700548     0.53133668    -1652192724
      2.3580000     -1.3004533      1.5776874    0.027165750      56.530406      8.9925816     0.53006929    -1639997938
      2.3590000     -1.2960149      1.5671768   0.0043298400      55.476471      9.0267541     0.52340802    -1627697517
      2.3600000     -1.3000786      1.5790343   -0.020163970      56.671107      8.9506806     0.53099633    -1615431782
      2.3610000     -1.2969017      1.5701397   0.0019332600      55.982338      8.8428865     0.52748872    -1603176842
      2.3620000     -1.2915075      1.5702999    0.014089870      54.307978      9.1414664     0.51663021    -1590823209
      2.3630000     -1.2897565      1.5505731   -0.015256110      54.012406      9.0596962     0.51554911    -1578455997
      2.3640000     -1.2901656      1.5423419    0.015967810      54.198719      8.9632886     0.51729717    -1566050547
      2.3650000     -1.2897759      1.5406175   -0.028223500      54.406286      8.8701635     0.51964304    -1553592084
      2.3660000     -1.2896198      1.5437504    0.016951930      54.408363      8.9398181     0.51887745    -1541165612
      2.3670000     -1.2900135      1.5683405   0.0044394900      54.876224      8.8853105     0.52170005    -1528722397
      2.3680000     -1.2840649      1.5467088  -0.0042764100      53.021360      9.0766476     0.51006959    -1516180107
      2.3690000     -1.2837456      1.5278774   0.0029850600      52.804194      8.9400342     0.50970030    -1503583672
      2.3700000     -1.2805017      1.5274084    0.014750760      52.021513      8.9807287     0.50520712    -1491029800
      2.3710000     -1.2791521      1.5391566    0.018720120      51.797943      9.0902098     0.50348836    -1478376051
      2.3720000     -1.2769668      1.5122820   -0.027229310      51.301648      8.9798726     0.50170665    -1465593716
      2.3730000     -1.2777440      1.5259523   0.0035483800      51.871769      8.9423335     0.50466966    -1452912314
      2.3740000     -1.2772612      1.5182482   -0.034751810      51.542523      8.9353749     0.50406459    -1440308571
      2.3750000     -1.2721261      1.5163366    0.011077020      50.270604      9.0733599     0.49470328    -1427506923
      2.3760000     -1.2725021      1.5241376   -0.032022820      50.499059      9.0474975     0.49724012    -1414778133
      2.3770000     -1.2720885      1.5031866   -0.015208840      50.540503      8.8958276     0.49769950    -1401972545
      2.3780000     -1.2700982      1.4882266   -0.017420410      50.031259      8.8552659     0.49507045    -1389108111
      2.3790000     -1.2670897      1.5008865    0.016089020      49.265959      9.0351448     0.48941968    -1376231643
      2.3800000     -1.2650007      1.5093640   -0.016728970      48.637046      9.1074387     0.48526387    -1363301149
      2.3810000     -1.2625149      1.4935866   -0.016117470      47.975295      9.1879644     0.48077163    -1350429391
      2.3820000     -1.2617911      1.4947629  -0.0070298800      48.185347      9.0483221     0.48281508    -1337476280
      2.3830000     -1.2639919      1.4975094   0.0060705900      48.907935      9.0216295     0.48750335    -1324577447
      2.3840000     -1.2597951      1.4605821  0.00059348000      47.949210      8.8743613     0.48258310    -1311547636
      2.3850000     -1.2589819      1.4692018   -0.026920770      47.648973      8.8058992     0.48200265    -1298506762
      2.3860000     -1.2558142      1.4540921  -0.0053264800      46.813438      8.9579641     0.47522234    -1285320000
      2.3870000     -1.2559571      1.4728699  -0.0060025600      46.978059      9.1249842     0.47531490    -1272153967
      2.3880000     -1.2530018      1.4838905   -0.018185400      46.102596      9.2334783     0.46950968    -1259088185
      2.3890000     -1.2519426      1.4575439   -0.016144710      45.991688      9.0714493     0.46985825    -1245883655
      2.3900000     -1.2525600      1.4531069   -0.020763930      46.212544      8.9113488     0.47255241    -1232716353
      2.3910000     -1.2487746      1.4493291    0.029779630      45.308615      8.9139305     0.46737143    -1219497360
      2.3920000     -1.2505081      1.4445015  -0.0015954400      46.124912      8.8887247     0.47188446    -1206311431
      2.3930000     -1.2473057      1.4370959   -0.010892750      45.429763      8.8682456     0.46781185    -1193095052
      2.3940000     -1.2447766      1.4262522   -0.013772930      44.569701      8.8978532     0.46226151    -1179785221
      2.3950000     -1.2451781      1.4338183    0.033371000      44.753860      8.8335004     0.46495890    -1166525052
      2.3960000     -1.2435318      1.4302514    0.010715980      44.603317      8.9282582     0.46239424    -1153133236
      2.3970000     -1.2431300      1.4177540 -0.00024619000      44.626962      8.7945984     0.46338483    -1139858187
      2.3980000     -1.2407776      1.4262933   -0.025354000      43.856963      8.9040449     0.45846000    -1126441417
      2.3990000     -1.2408045      1.4150632  -0.0094950400      44.271704      8.7220359     0.46184336    -1113021398
      2.4000000     -1.2350195      1.4140484   -0.017008600      42.528491      8.8643342     0.44974908    -1099561820
      2.4010000     -1.2347209      1.3965289    0.012022030      42.575061      8.8990586     0.44976075    -1086084020
      2.4020000     -1.2319604      1.3987610    0.018967630      42.002661      8.8792036     0.44639235    -1072475716
      2.4030000     -1.2300751      1.3961895   -0.012561910      41.476299      8.9058559     0.44252089    -1058868285
      2.4040000     -1.2287395      1.3883173   -0.021185620      40.988693      8.7970962     0.44036386    -1045222063
      2.4050000     -1.2297760      1.3833662   -0.016012990      41.728710      8.7457704     0.44560783    -1031609979
      2.4060000     -1.2287366      1.3919133    0.012806660      41.461947      8.8697225     0.44295174    -1017996238
      2.4070000     -1.2265791      1.3801371   -0.012812020      41.022456      8.6874597     0.44129354    -1004418040
      2.4080000     -1.2266764      1.3633071   -0.011955420      41.352502      8.5996866     0.44420140     -990725887
      2.4090000     -1.2232775      1.3701891   0.0073825500      40.351598      8.7387890     0.43639735     -976942966
      2.4100000     -1.2225953      1.3597382   -0.019295310      40.327436      8.6421105     0.43735157     -963198354
      2.4110000     -1.2186885      1.3500297   0.0010638600      39.383082      8.5970147     0.43077158     -949364199
      2.4120000     -1.2184302      1.3392753   -0.017274670      39.312443      8.6521250     0.43032561     -935574615
      2.4130000     -1.2196242      1.3623012  -0.0041034000      39.897496      8.6425247     0.43423778     -921685684
      2.4140000     -1.2180883      1.3334286   -0.033588650      39.136975      8.5881336     0.43068603     -907832586
      2.4150000     -1.2151817      1.3309755   -0.021475880      38.823029      8.5350894     0.42816428     -893894650
      2.4160000     -1.2142042      1.3341979  -0.0074910400      38.804106      8.4057336     0.42855838     -880001374
      2.4170000     -1.2125849      1.3268369   -0.013519210      38.139106      8.5652207     0.42294559     -866046941
      2.4180000     -1.2111791      1.3304259    0.010047360      38.178551      8.5872818     0.42306048     -852114169
      2.4190000     -1.2101546      1.3150350    0.017617150      37.907188      8.4474688     0.42245475     -838164722
      2.4200000     -1.2095643      1.3155998  -0.0077573300      37.838728      8.4903432     0.42144739     -824112149
      2.4210000     -1.2078809      1.3063258  -0.0035631900      37.401552      8.5214870     0.41810201     -809988650
      2.4220000     -1.2069059      1.3093205  -0.0074344100      37.223333      8.5322156     0.41686927     -795854649
      2.4230000     -1.2075966      1.3087215 -4.3080000E-05      37.754739      8.4014003     0.42167268     -781849093
      2.4240000     -1.2050371      1.3045018   0.0060779100      37.158237      8.3940972     0.41754955     -767699823
      2.4250000     -1.2027404      1.2835501    0.013640220      36.343566      8.3437386     0.41223174     -753561084
      2.4260000     -1.2019687      1.2991208  -0.0046661300      36.411451      8.4455883     0.41186737     -739350517
      2.4270000     -1.2023492      1.2933128  -0.0071695100      36.906957      8.3037576     0.41665491     -725250121
      2.4280000     -1.2017042      1.2969712   -0.011219380      36.652699      8.3510865     0.41462834     -711076478
      2.4290000     -1.1979106      1.2806408   -0.011817180      35.661151      8.3197118     0.40764020     -696843610
      2.4300000     -1.1963788      1.2602051   -0.034700360      35.146488      8.2682422     0.40557300     -682621351
      2.4310000     -1.1936228      1.2595677   0.0088038300      34.689097      8.2250619     0.40113923     -668282942
      2.4320000     -1.1924573      1.2525865  -0.0016698900      34.389434      8.1965856     0.39906805     -653934917
      2.4330000     -1.1926194      1.2680995    0.012811600      34.553449      8.3050007     0.39977534     -639644861
      2.4340000     -1.1918399      1.2547415  -0.0065781600      34.438882      8.2519333     0.39923784     -625259747
      2.4350000     -1.1917055      1.2626409   -0.016507260      34.605719      8.2467609     0.40091476     -610866102
      2.4360000     -1.1866024      1.2311849   0.0023907800      33.250841      8.1447364     0.39102672     -596350633
      2.4370000     -1.1866687      1.2314720   0.0031932600      33.564178      8.1393420     0.39358736     -581886796
      2.4380000     -1.1875299      1.2374472   -0.016282490      33.879586      8.0686527     0.39696695     -567379668
      2.4390000     -1.1862026      1.2285017   0.0093878100      33.633642      8.0633919     0.39497181     -552879183
      2.4400000     -1.1840304      1.2304235   0.0032998800      33.170963      8.0870492     0.39118124     -538246492
      2.4410000     -1.1824000      1.2276813   -0.024068520      32.630825      8.0734307     0.38786698     -523640402
      2.4420000     -1.1805765      1.2164824   0.0018726400      32.377805      8.0480246     0.38540474     -508997497
      2.4430000     -1.1817724      1.2265580  -0.0048325200      32.962549      7.9833881     0.39061948     -494353222
      2.4440000     -1.1778223      1.2051556    0.013861220      31.882785      7.9505159     0.38264644     -479731765
      2.4450000     -1.1794437      1.2141665  -0.0073180000      32.485652      8.0588033     0.38647466     -465124164
      2.4460000     -1.1767331      1.1993734   -0.010383690      31.976799      7.8675429     0.38410405     -450416550
      2.4470000     -1.1747607      1.1976895  0.00052199000      31.520014      7.8480046     0.38054407     -435682897
      2.4480000     -1.1760159      1.2006667  0.00058448000      32.125199      7.7866251     0.38594354     -421012522
      2.4490000     -1.1722269      1.1828137 -0.00062087000      30.899435      7.8677019     0.37551587     -406142296
      2.4500000     -1.1719801      1.1742816  -0.0056707800      30.989070      7.7865501     0.37702466     -391324221
      2.4510000     -1.1717855      1.1748557 -0.00093102000      31.127207      7.7434001     0.37853024     -376535682
      2.4520000     -1.1681105      1.1593093    0.015030130      30.224620      7.7250733     0.37168283     -361651644
      2.4530000     -1.1717345      1.1846397   0.0018857100      31.477370      7.7954395     0.38109447     -346808085
      2.4540000     -1.1677600      1.1670947  0.00042241000      30.512241      7.6837513     0.37423651     -331928251
      2.4550000     -1.1671977      1.1642518    0.011371320      30.419046      7.6473730     0.37401932     -317107273
      2.4560000     -1.1664526      1.1710270   -0.017966650      30.219551      7.7048629     0.37224049     -302276071
      2.4570000     -1.1615525      1.1538410   0.0082884500      29.022283      7.5966132     0.36287171     -287265106
      2.4580000     -1.1616639      1.1440530   0.0072805300      29.329983      7.5390047     0.36600351     -272227642
      2.4590000     -1.1607407      1.1503985   0.0071741300      29.246220      7.6647252     0.36431265     -257086292
      2.4600000     -1.1611299      1.1395428   -0.010378880      29.505511      7.5025005     0.36800304     -242110504
      2.4610000     -1.1601639      1.1382016  -0.0013036500      29.351156      7.4944971     0.36670805     -227077303
      2.4620000     -1.1595603      1.1290897   0.0061771300      29.146016      7.5123051     0.36495705     -212006435
      2.4630000     -1.1590946      1.1254097  -0.0079205200      29.080698      7.4339321     0.36517488     -196937293
      2.4640000     -1.1557741      1.1194560  -0.0034054300      28.343615      7.4088911     0.35912323     -181812176
      2.4650000     -1.1544903      1.1183639   -0.011818770      28.295862      7.3829231     0.35918751     -166588143
      2.4660000     -1.1529352      1.1201208   0.0053794200      27.864252      7.4299543     0.35497378     -151389932
      2.4670000     -1.1520367      1.1133354   -0.011848230      27.755128      7.3223743     0.35518923     -136112471
      2.4680000     -1.1518110      1.1204610  -0.0046457400      27.846721      7.4250564     0.35499754     -120914679
      2.4690000     -1.1480159      1.0936073   0.0074585900      26.927931      7.1914572     0.34911175     -105635304
      2.4700000     -1.1491124      1.0996134   0.0026340200      27.477308      7.2752910     0.35320588      -90363323
      2.4710000     -1.1485399      1.0917270   0.0012588700      27.350917      7.1594026     0.35317795      -75061448
      2.4720000     -1.1473226      1.0988404   -0.014937530      27.172470      7.2188399     0.35147769      -59753951
      2.4730000     -1.1455266      1.0813955   -0.011521780      26.839595      7.1239681     0.34932022      -44450589
      2.4740000     -1.1452912      1.0959839  -0.0053398000      27.017722      7.2322348     0.34985962      -29091698
      2.4750000     -1.1434197      1.0823256  -0.0016849600      26.612155      7.1080262     0.34739694      -13708227
      2.4760000     -1.1427893      1.0681963  -0.0068700000      26.473642      7.0416252     0.34688814        1724418
      2.4770000     -1.1414732      1.0702277  -0.0051387100      26.315243      7.0948991     0.34503389       17175801
      2.4780000     -1.1411950      1.0698607  -0.0097906900      26.316303      7.0813387     0.34533529       32665812
      2.4790000     -1.1403649      1.0708076    0.015203940      26.122741      7.0796725     0.34387582       48161970
      2.4800000     -1.1382233      1.0596511   0.0014618000      25.820480      6.9960288     0.34163392       63726751
      2.4810000     -1.1362923      1.0525820   -0.010538520      25.368380      6.9143791     0.33848486       79251230
      2.4820000     -1.1363565      1.0637811  -0.0099491600      25.518227      6.9726015     0.33937382       94831949
      2.4830000     -1.1373811      1.0652581  -0.0079147800      25.958073      7.0296003     0.34287190      110383308
      2.4840000     -1.1336765      1.0447494    0.019679790      25.126151      6.8697711     0.33728239      125938468
      2.4850000     -1.1354622      1.0626363  0.00037580000      25.830201      6.9839810     0.34217288      141507096
      2.4860000     -1.1308813      1.0319173   0.0037988400      24.441883      6.7987086     0.33115972      157132104
      2.4870000     -1.1308394      1.0388071 -0.00041229000      24.647630      6.8460299     0.33268847      172763044
      2.4880000     -1.1296510      1.0359000  -0.0014027100      24.558303      6.8136287     0.33222559      188429479
      2.4890000     -1.1293448      1.0263672   -0.012032710      24.323062      6.8072659     0.33035863      204149153
      2.4900000     -1.1269608      1.0202385  -0.0029869500      23.827370      6.7135333     0.32640857      219919318
      2.4910000     -1.1277558      1.0397894  -0.0012517500      24.437917      6.8272453     0.33116767      235685857
      2.4920000     -1.1251387      1.0186439    0.011409840      23.727908      6.6964271     0.32593912      251494560
      2.4930000     -1.1239504      1.0099297  -0.0091341500      23.386735      6.6251055     0.32334237      267240053
      2.4940000     -1.1257583      1.0159058   -0.014638140      24.195837      6.6603689     0.33098024      283020776
      2.4950000     -1.1241817      1.0288557  -0.0082425500      23.942547      6.7218334     0.32784469      298902177
      2.4960000     -1.1244076      1.0241269  0.00071590000      24.107615      6.6857974     0.32971602      314692159
      2.4970000     -1.1217566      1.0069204   0.0031411400      23.683821      6.5416916     0.32713852      330542051
      2.4980000     -1.1188972     0.98850842  -0.0063853100      22.817349      6.4573251     0.31970161      346484661
      2.4990000     -1.1184917     0.99163560  -0.0040807300      22.939486      6.4805853     0.32069243      362387199
      2.5000000     -1.1177044     0.98927667   0.0045322200      22.747669      6.4738890     0.31895402      378346677
