$ ./methodComp.py 
|                          Verlet                              |
|==============================================================|
|_____________________log(h)=-2, -3, -4________________________|
| T=0.30 | (3.4E-01, 000.1) (2.0E-01, 000.8) (2.6E-03, 009.6)  |
| T=0.54 | (7.7E-01, 000.2) (3.6E-01, 002.1) (4.1E-03, 015.0)  |
| T=0.79 | (1.5E+00, 000.2) (4.9E-01, 001.9) (2.9E-03, 027.5)  |
| T=1.03 | (6.0E+00, 000.2) (6.2E-01, 002.7) (4.6E-03, 025.9)  |
| T=1.28 | (6.8E+00, 000.3) (7.9E-01, 004.0) (1.4E-02, 038.4)  |
| T=1.52 | (6.8E+00, 000.6) (8.0E-01, 003.5) (6.5E-03, 041.8)  |
| T=1.77 | (6.8E+00, 000.5) (7.9E-01, 004.7) (3.4E-03, 051.5)  |
| T=2.01 | (6.8E+00, 000.7) (8.0E-01, 006.2) (8.4E-03, 056.9)  |
| T=2.26 | (6.8E+00, 001.1) (8.0E-01, 005.2) (1.1E-03, 070.1)  |
| T=2.50 | (6.8E+00, 000.6) (9.1E-01, 005.7) (5.1E-03, 058.6)  |

|                           RK4                                |
|==============================================================|
|_____________________log(h)=-2, -3, -4________________________|
| T=0.30 | (1.2E+00, 000.1) (1.6E-02, 001.4) (2.6E-03, 014.8)  | 
| T=0.54 | (2.2E+00, 000.5) (5.6E-02, 002.8) (4.1E-03, 032.5)  | 
| T=0.79 | (2.6E+00, 000.3) (2.4E-01, 006.6) (2.8E-03, 046.7)  | 
| T=1.03 | (2.7E+00, 000.7) (1.6E-01, 004.5) (1.4E-02, 051.5)  | 
| T=1.28 | (3.0E+00, 000.5) (6.0E-01, 005.6) (4.5E-03, 058.7)  | 
| T=1.52 | (3.3E+00, 001.2) (6.6E-01, 008.3) (4.9E-04, 081.5)  | 
| T=1.77 | (3.3E+00, 001.3) (7.5E-01, 009.6) (2.8E-03, 098.4)  | 
| T=2.01 | (3.4E+00, 001.5) (7.4E-01, 009.3) (1.1E-03, 107.8)  | 
| T=2.26 | (3.4E+00, 001.2) (7.4E-01, 010.3) (7.1E-03, 108.3)  | 
| T=2.50 | (3.4E+00, 001.1) (6.6E-01, 011.1) (2.2E-02, 120.8)  | 
