1000
0.0090512
0.0180022
0.026854
0.0356076
0.0442639
0.052824
0.0612887
0.0696592
0.0779361
0.0861206
0.0942136
0.102216
0.110128
0.117952
0.125688
0.133336
0.140899
0.148376
0.155768
0.163077
0.170303
0.177447
0.18451
0.191492
0.198395
0.205218
0.211964
0.218633
0.225225
0.231742
0.238183
0.244551
0.250845
0.257066
0.263215
0.269293
0.2753
0.281237
0.287105
0.292905
0.298637
0.304302
0.3099
0.315432
0.320899
0.326302
0.331641
0.336917
0.34213
0.347281
0.352371
0.3574
0.362369
0.367278
0.372128
0.376921
0.381655
0.386332
0.390952
0.395517
0.400025
0.404479
0.408879
0.413224
0.417517
0.421756
0.425943
0.430079
0.434163
0.438196
0.44218
0.446113
0.449997
0.453833
0.45762
0.46136
0.465052
0.468698
0.472297
0.47585
0.479357
0.48282
0.486238
0.489613
0.492943
0.49623
0.499475
0.502677
0.505837
0.508955
0.512033
0.51507
0.518066
0.521023
0.52394
0.526818
0.529657
0.532458
0.535221
0.537947
0.540635
0.543286
0.545901
0.54848
0.551023
0.553531
0.556004
0.558442
0.560845
0.563215
0.565551
0.567854
0.570124
0.572361
0.574565
0.576738
0.578879
0.580989
0.583068
0.585116
0.587133
0.58912
0.591078
0.593006
0.594904
0.596774
0.598615
0.600428
0.602212
0.603969
0.605698
0.6074
0.609075
0.610723
0.612345
0.61394
0.61551
0.617054
0.618572
0.620065
0.621534
0.622977
0.624396
0.625792
0.627163
0.62851
0.629834
0.631135
0.632412
0.633667
0.6349
0.63611
0.637298
0.638464
0.639608
0.640731
0.641833
0.642913
0.643973
0.645013
0.646031
0.64703
0.648009
0.648968
0.649907
0.650827
0.651727
0.652609
0.653472
0.654316
0.655142
0.655949
0.656739
0.65751
0.658264
0.659
0.659719
0.66042
0.661105
0.661772
0.662423
0.663058
0.663676
0.664278
0.664863
0.665433
0.665987
0.666526
0.667049
0.667557
0.66805
0.668528
0.668991
0.669439
0.669873
0.670293
0.670698
0.671089
0.671467
0.67183
0.67218
0.672516
0.672839
0.673148
0.673445
0.673728
0.673999
0.674257
0.674502
0.674735
0.674955
0.675163
0.675359
0.675543
0.675715
0.675876
0.676024
0.676161
0.676287
0.676402
0.676505
0.676597
0.676678
0.676749
0.676808
0.676857
0.676896
0.676923
0.676941
0.676949
0.676946
0.676933
0.676911
0.676878
0.676836
0.676784
0.676723
0.676652
0.676572
0.676482
0.676384
0.676276
0.67616
0.676034
0.6759
0.675757
0.675605
0.675445
0.675276
0.675099
0.674914
0.674721
0.674519
0.67431
0.674092
0.673866
0.673633
0.673392
0.673143
0.672887
0.672623
0.672352
0.672074
0.671788
0.671495
0.671195
0.670888
0.670574
0.670253
0.669925
0.66959
0.669248
0.6689
0.668546
0.668184
0.667817
0.667443
0.667062
0.666676
0.666283
0.665884
0.665479
0.665068
0.664651
0.664228
0.663799
0.663365
0.662925
0.662479
0.662027
0.66157
0.661108
0.66064
0.660166
0.659688
0.659204
0.658714
0.65822
0.65772
0.657216
0.656706
0.656192
0.655672
0.655148
0.654618
0.654084
0.653546
0.653002
0.652454
0.651901
0.651344
0.650783
0.650216
0.649646
0.649071
0.648492
0.647908
0.64732
0.646728
0.646132
0.645532
0.644928
0.644319
0.643707
0.643091
0.642471
0.641847
0.641219
0.640587
0.639951
0.639312
0.638669
0.638023
0.637373
0.636719
0.636062
0.635401
0.634737
0.634069
0.633398
0.632724
0.632046
0.631365
0.630681
0.629993
0.629303
0.628609
0.627912
0.627212
0.626508
0.625802
0.625093
0.624381
0.623665
0.622947
0.622226
0.621502
0.620775
0.620046
0.619313
0.618578
0.617841
0.6171
0.616357
0.615611
0.614862
0.614111
0.613358
0.612602
0.611843
0.611082
0.610318
0.609552
0.608783
0.608012
0.607239
0.606464
0.605686
0.604905
0.604123
0.603338
0.602551
0.601762
0.60097
0.600177
0.599381
0.598583
0.597783
0.596981
0.596177
0.595371
0.594563
0.593752
0.59294
0.592126
0.59131
0.590492
0.589672
0.58885
0.588027
0.587201
0.586374
0.585545
0.584714
0.583881
0.583047
0.582211
0.581373
0.580533
0.579692
0.578849
0.578004
0.577158
0.57631
0.575461
0.57461
0.573757
0.572903
0.572047
0.57119
0.570331
0.569471
0.568609
0.567746
0.566881
0.566015
0.565148
0.564279
0.563408
0.562537
0.561664
0.560789
0.559913
0.559036
0.558158
0.557278
0.556397
0.555515
0.554631
0.553747
0.55286
0.551973
0.551085
0.550195
0.549304
0.548412
0.547519
0.546625
0.545729
0.544833
0.543935
0.543036
0.542136
0.541235
0.540333
0.53943
0.538525
0.53762
0.536714
0.535807
0.534898
0.533989
0.533079
0.532167
0.531255
0.530342
0.529427
0.528512
0.527596
0.526679
0.525761
0.524842
0.523923
0.523002
0.522081
0.521158
0.520235
0.519311
0.518386
0.51746
0.516534
0.515606
0.514678
0.513749
0.512819
0.511888
0.510957
0.510025
0.509092
0.508158
0.507224
0.506289
0.505353
0.504416
0.503479
0.502541
0.501602
0.500662
0.499722
0.498781
0.49784
0.496897
0.495955
0.495011
0.494067
0.493122
0.492176
0.49123
0.490284
0.489336
0.488388
0.48744
0.48649
0.485541
0.48459
0.483639
0.482688
0.481736
0.480783
0.47983
0.478876
0.477922
0.476967
0.476011
0.475055
0.474099
0.473142
0.472184
0.471226
0.470268
0.469309
0.468349
0.467389
0.466429
0.465468
0.464506
0.463544
0.462582
0.461619
0.460656
0.459692
0.458728
0.457763
0.456798
0.455832
0.454866
0.4539
0.452933
0.451966
0.450998
0.45003
0.449061
0.448092
0.447123
0.446153
0.445183
0.444213
0.443242
0.44227
0.441299
0.440327
0.439354
0.438382
0.437409
0.436435
0.435461
0.434487
0.433513
0.432538
0.431563
0.430587
0.429611
0.428635
0.427659
0.426682
0.425705
0.424727
0.423749
0.422771
0.421793
0.420814
0.419835
0.418856
0.417876
0.416896
0.415916
0.414936
0.413955
0.412974
0.411992
0.411011
0.410029
0.409047
0.408064
0.407082
0.406099
0.405116
0.404132
0.403148
0.402164
0.40118
0.400196
0.399211
0.398226
0.397241
0.396256
0.39527
0.394284
0.393298
0.392312
0.391325
0.390338
0.389351
0.388364
0.387376
0.386389
0.385401
0.384413
0.383425
0.382436
0.381447
0.380458
0.379469
0.37848
0.37749
0.376501
0.375511
0.374521
0.373531
0.37254
0.371549
0.370559
0.369568
0.368576
0.367585
0.366594
0.365602
0.36461
0.363618
0.362626
0.361633
0.360641
0.359648
0.358655
0.357662
0.356669
0.355676
0.354682
0.353688
0.352695
0.351701
0.350706
0.349712
0.348718
0.347723
0.346728
0.345734
0.344739
0.343744
0.342748
0.341753
0.340757
0.339762
0.338766
0.33777
0.336774
0.335778
0.334781
0.333785
0.332788
0.331792
0.330795
0.329798
0.328801
0.327804
0.326806
0.325809
0.324811
0.323814
0.322816
0.321818
0.32082
0.319822
0.318824
0.317825
0.316827
0.315829
0.31483
0.313831
0.312832
0.311833
0.310834
0.309835
0.308836
0.307837
0.306837
0.305838
0.304838
0.303838
0.302839
0.301839
0.300839
0.299839
0.298839
0.297838
0.296838
0.295838
0.294837
0.293837
0.292836
0.291835
0.290834
0.289833
0.288832
0.287831
0.28683
0.285829
0.284828
0.283826
0.282825
0.281823
0.280822
0.27982
0.278818
0.277816
0.276814
0.275812
0.27481
0.273808
0.272806
0.271804
0.270801
0.269799
0.268797
0.267794
0.266792
0.265789
0.264786
0.263783
0.262781
0.261778
0.260775
0.259772
0.258769
0.257765
0.256762
0.255759
0.254756
0.253752
0.252749
0.251745
0.250742
0.249738
0.248735
0.247731
0.246727
0.245723
0.24472
0.243716
0.242712
0.241708
0.240704
0.2397
0.238695
0.237691
0.236687
0.235683
0.234678
0.233674
0.23267
0.231665
0.230661
0.229656
0.228651
0.227647
0.226642
0.225637
0.224633
0.223628
0.222623
0.221618
0.220613
0.219608
0.218603
0.217598
0.216593
0.215588
0.214582
0.213577
0.212572
0.211567
0.210561
0.209556
0.208551
0.207545
0.20654
0.205534
0.204529
0.203523
0.202517
0.201512
0.200506
0.1995
0.198495
0.197489
0.196483
0.195477
0.194471
0.193465
0.192459
0.191453
0.190447
0.189441
0.188435
0.187429
0.186423
0.185417
0.184411
0.183405
0.182398
0.181392
0.180386
0.17938
0.178373
0.177367
0.17636
0.175354
0.174348
0.173341
0.172335
0.171328
0.170322
0.169315
0.168308
0.167302
0.166295
0.165289
0.164282
0.163275
0.162268
0.161262
0.160255
0.159248
0.158241
0.157234
0.156228
0.155221
0.154214
0.153207
0.1522
0.151193
0.150186
0.149179
0.148172
0.147165
0.146158
0.145151
0.144144
0.143136
0.142129
0.141122
0.140115
0.139108
0.138101
0.137093
0.136086
0.135079
0.134071
0.133064
0.132057
0.13105
0.130042
0.129035
0.128027
0.12702
0.126013
0.125005
0.123998
0.12299
0.121983
0.120975
0.119968
0.11896
0.117953
0.116945
0.115938
0.11493
0.113922
0.112915
0.111907
0.1109
0.109892
0.108884
0.107877
0.106869
0.105861
0.104853
0.103846
0.102838
0.10183
0.100822
0.0998147
0.0988069
0.0977991
0.0967912
0.0957834
0.0947756
0.0937677
0.0927599
0.091752
0.0907441
0.0897362
0.0887283
0.0877204
0.0867125
0.0857045
0.0846966
0.0836886
0.0826806
0.0816727
0.0806647
0.0796567
0.0786487
0.0776406
0.0766326
0.0756246
0.0746165
0.0736085
0.0726004
0.0715923
0.0705842
0.0695761
0.068568
0.0675599
0.0665518
0.0655437
0.0645355
0.0635274
0.0625192
0.061511
0.0605029
0.0594947
0.0584865
0.0574783
0.0564701
0.0554619
0.0544537
0.0534454
0.0524372
0.051429
0.0504207
0.0494124
0.0484042
0.0473959
0.0463876
0.0453793
0.044371
0.0433627
0.0423544
0.0413461
0.0403378
0.0393295
0.0383211
0.0373128
0.0363044
0.0352961
0.0342877
0.0332793
0.032271
0.0312626
0.0302542
0.0292458
0.0282374
0.027229
0.0262206
0.0252122
0.0242037
0.0231953
0.0221869
0.0211784
0.02017
0.0191615
0.0181531
0.0171446
0.0161362
0.0151277
0.0141192
0.0131107
0.0121022
0.0110937
0.0100852
0.00907674
0.00806824
0.00705972
0.00605121
0.00504268
0.00403416
0.00302562
0.00201709
0.00100855
