100
0.0952539
0.180305
0.256133
0.323624
0.38358
0.436724
0.48371
0.525131
0.561521
0.593363
0.621095
0.645111
0.665768
0.683389
0.698266
0.710661
0.720815
0.728942
0.735236
0.739874
0.743015
0.744803
0.745368
0.744827
0.743287
0.740843
0.737583
0.733584
0.728918
0.723649
0.717835
0.711528
0.704776
0.697621
0.690101
0.682253
0.674108
0.665693
0.657036
0.648159
0.639083
0.629828
0.620411
0.610847
0.601151
0.591334
0.58141
0.571387
0.561276
0.551085
0.540822
0.530493
0.520105
0.509664
0.499175
0.488642
0.478069
0.467461
0.456821
0.446151
0.435455
0.424736
0.413994
0.403234
0.392455
0.381661
0.370853
0.360031
0.349198
0.338354
0.327501
0.316639
0.305769
0.294892
0.284009
0.273119
0.262225
0.251326
0.240423
0.229515
0.218604
0.207691
0.196774
0.185854
0.174933
0.164009
0.153083
0.142156
0.131227
0.120296
0.109365
0.0984319
0.0874981
0.0765633
0.0656276
0.0546912
0.0437541
0.0328164
0.0218781
0.0109393
